00, 00, 00, 00, 01, 
				00, 00, 00, E8, 01, 
				00, 00, 00, 00, 01, 
				00, 08, 00, E8, 01, 
				00, 00, 00, 00, 01, 
				00, 20, 00, E8, 01, 
				00, 00, 00, 00, 01, 
				00, 38, 00, E8, 01, 
				00, 62, 03, 20, 01, 
				00, 5A, 04, 22, 01, 
				00, 4A, 03, 34, 01, 
				00, 42, 04, 22, 01, 
				00, 22, 00, 22, 01, 
				00, 1A, 01, 22, 01, 
				00, 12, 02, 22, 01, 
				00, 00, 00, 00, 01, 
				00, 50, 00, E2, 01, 
				00, 68, 00, F2, 01, 
				00, 92, 03, 20, 01, 
				00, 8A, 04, 22, 01, 
				00, 7A, 03, 34, 01, 
				00, 72, 04, 22, 01, 
				00, 3A, 00, 22, 01, 
				00, 32, 01, 22, 01, 
				00, 2A, 02, 22, 01, 
				00, 00, 00, 00, 01, 
				00, 80, 00, E2, 01, 
				00, 98, 00, F2, 01, 
				00, C2, 08, 20, 01, 
				00, BA, 09, 22, 01, 
				00, AA, 08, 34, 01, 
				00, A2, 09, 22, 01, 
				00, 52, 05, 22, 01, 
				00, 4A, 06, 22, 01, 
				00, 42, 07, 22, 01, 
				00, 00, 00, 00, 01, 
				00, B0, 00, E2, 01, 
				00, C8, 00, F2, 01, 
				00, F2, 08, 20, 01, 
				00, EA, 09, 22, 01, 
				00, DA, 08, 34, 01, 
				00, D2, 09, 22, 01, 
				00, 82, 05, 22, 01, 
				00, 7A, 06, 22, 01, 
				00, 72, 07, 22, 01, 
				00, 00, 00, 00, 01, 
				00, E0, 00, E2, 01, 
				00, F8, 00, F2, 01, 
				01, 22, 0D, 20, 01, 
				01, 1A, 0E, 22, 01, 
				01, 0A, 0D, 34, 01, 
				01, 02, 0E, 22, 01, 
				00, B2, 0A, 22, 01, 
				00, AA, 0B, 22, 01, 
				00, A2, 0C, 22, 01, 
				00, 00, 00, 00, 01, 
				01, 10, 00, E2, 01, 
				01, 28, 00, F2, 01, 
				01, 52, 0D, 20, 01, 
				01, 4A, 0E, 22, 01, 
				01, 3A, 0D, 34, 01, 
				01, 32, 0E, 22, 01, 
				00, E2, 0A, 22, 01, 
				00, DA, 0B, 22, 01, 
				00, D2, 0C, 22, 01, 
				00, 00, 00, 00, 01, 
				01, 40, 00, E2, 01, 
				01, 58, 00, F2, 01, 
				01, 82, 12, 20, 01, 
				01, 7A, 13, 22, 01, 
				01, 6A, 12, 34, 01, 
				01, 62, 13, 22, 01, 
				01, 12, 0F, 22, 01, 
				01, 0A, 10, 22, 01, 
				01, 02, 11, 22, 01, 
				00, 00, 00, 00, 01, 
				01, 70, 00, E2, 01, 
				01, 88, 00, F2, 01, 
				01, B2, 12, 20, 01, 
				01, AA, 13, 22, 01, 
				01, 9A, 12, 34, 01, 
				01, 92, 13, 22, 01, 
				01, 42, 0F, 22, 01, 
				01, 3A, 10, 22, 01, 
				01, 32, 11, 22, 01, 
				00, 00, 00, 00, 01, 
				01, A0, 00, E2, 01, 
				01, B8, 00, F2, 01, 
				01, E2, 17, 20, 01, 
				01, DA, 18, 22, 01, 
				01, CA, 17, 34, 01, 
				01, C2, 18, 22, 01, 
				01, 72, 14, 22, 01, 
				01, 6A, 15, 22, 01, 
				01, 62, 16, 22, 01, 
				00, 00, 00, 00, 01, 
				01, D0, 00, E2, 01, 
				01, E8, 00, F2, 01, 
				02, 12, 17, 20, 01, 
				02, 0A, 18, 22, 01, 
				01, FA, 17, 34, 01, 
				01, F2, 18, 22, 01, 
				01, A2, 14, 22, 01, 
				01, 9A, 15, 22, 01, 
				01, 92, 16, 22, 01, 
				00, 00, 00, 00, 01, 
				02, 00, 00, E2, 01, 
				02, 18, 00, F2, 01, 
				02, 42, 1C, 20, 01, 
				02, 3A, 1D, 22, 01, 
				02, 2A, 1C, 34, 01, 
				02, 22, 1D, 22, 01, 
				01, D2, 19, 22, 01, 
				01, CA, 1A, 22, 01, 
				01, C2, 1B, 22, 01, 
				00, 00, 00, 00, 01, 
				02, 30, 00, E2, 01, 
				02, 48, 00, F2, 01, 
				02, 72, 1C, 20, 01, 
				02, 6A, 1D, 22, 01, 
				02, 5A, 1C, 34, 01, 
				02, 52, 1D, 22, 01, 
				02, 02, 19, 22, 01, 
				01, FA, 1A, 22, 01, 
				01, F2, 1B, 22, 01, 
				00, 00, 00, 00, 01, 
				02, 60, 00, E2, 01, 
				02, 78, 00, F2, 01, 
				02, A2, 21, 20, 01, 
				02, 9A, 22, 22, 01, 
				02, 8A, 21, 34, 01, 
				02, 82, 22, 22, 01, 
				02, 32, 1E, 22, 01, 
				02, 2A, 1F, 22, 01, 
				02, 22, 20, 22, 01, 
				00, 00, 00, 00, 01, 
				02, 90, 00, E2, 01, 
				02, A8, 00, F2, 01, 
				02, D2, 21, 20, 01, 
				02, CA, 22, 22, 01, 
				02, BA, 21, 34, 01, 
				02, B2, 22, 22, 01, 
				02, 62, 1E, 22, 01, 
				02, 5A, 1F, 22, 01, 
				02, 52, 20, 22, 01, 
				00, 00, 00, 00, 01, 
				02, C0, 00, E2, 01, 
				02, D8, 00, F2, 01, 
				03, 02, 26, 20, 01, 
				02, FA, 27, 22, 01, 
				02, EA, 26, 34, 01, 
				02, E2, 27, 22, 01, 
				02, 92, 23, 22, 01, 
				02, 8A, 24, 22, 01, 
				02, 82, 25, 22, 01, 
				00, 00, 00, 00, 01, 
				02, F0, 00, E2, 01, 
				03, 08, 00, F2, 01, 
				03, 32, 26, 20, 01, 
				03, 2A, 27, 22, 01, 
				03, 1A, 26, 34, 01, 
				03, 12, 27, 22, 01, 
				02, C2, 23, 22, 01, 
				02, BA, 24, 22, 01, 
				02, B2, 25, 22, 01, 
				00, 00, 00, 00, 01, 
				03, 20, 00, E2, 01, 
				03, 38, 00, F2, 01, 
				03, 62, 2B, 20, 01, 
				03, 5A, 2C, 22, 01, 
				03, 4A, 2B, 34, 01, 
				03, 42, 2C, 22, 01, 
				02, F2, 28, 22, 01, 
				02, EA, 29, 22, 01, 
				02, E2, 2A, 22, 01, 
				00, 00, 00, 00, 01, 
				03, 50, 00, E2, 01, 
				03, 68, 00, F2, 01, 
				03, 92, 2B, 20, 01, 
				03, 8A, 2C, 22, 01, 
				03, 7A, 2B, 34, 01, 
				03, 72, 2C, 22, 01, 
				03, 22, 28, 22, 01, 
				03, 1A, 29, 22, 01, 
				03, 12, 2A, 22, 01, 
				00, 00, 00, 00, 01, 
				03, 80, 00, E2, 01, 
				03, 98, 00, F2, 01, 
				03, C2, 30, 20, 01, 
				03, BA, 31, 22, 01, 
				03, AA, 30, 34, 01, 
				03, A2, 31, 22, 01, 
				03, 52, 2D, 22, 01, 
				03, 4A, 2E, 22, 01, 
				03, 42, 2F, 22, 01, 
				00, 00, 00, 00, 01, 
				03, B0, 00, E2, 01, 
				03, C8, 00, F2, 01, 
				03, F2, 30, 20, 01, 
				03, EA, 31, 22, 01, 
				03, DA, 30, 34, 01, 
				03, D2, 31, 22, 01, 
				03, 82, 2D, 22, 01, 
				03, 7A, 2E, 22, 01, 
				03, 72, 2F, 22, 01, 
				00, 00, 00, 00, 01, 
				03, E0, 00, E2, 01, 
				03, F8, 00, F2, 01, 
				04, 22, 35, 20, 01, 
				04, 1A, 36, 22, 01, 
				04, 0A, 35, 34, 01, 
				04, 02, 36, 22, 01, 
				03, B2, 32, 22, 01, 
				03, AA, 33, 22, 01, 
				03, A2, 34, 22, 01, 
				00, 00, 00, 00, 01, 
				04, 10, 00, E2, 01, 
				04, 28, 00, F2, 01, 
				04, 52, 35, 20, 01, 
				04, 4A, 36, 22, 01, 
				04, 3A, 35, 34, 01, 
				04, 32, 36, 22, 01, 
				03, E2, 32, 22, 01, 
				03, DA, 33, 22, 01, 
				03, D2, 34, 22, 01, 
				00, 00, 00, 00, 01, 
				04, 40, 00, E2, 01, 
				04, 58, 00, F2, 01, 
				FF, F2, 37, 20, 01, 
				04, 69, 08, 22, 41, 
				04, 88, 00, E2, 01, 
				04, 79, 08, 20, 01, 
				04, 69, 08, 34, 01, 
				04, 8A, 38, 22, 01, 
				04, 70, 00, E2, 01, 
				04, 70, 00, C0, 01, 
				04, 80, 00, F2, 01, 
				00, 00, 00, 00, 01, 
				00, 0F, FF, 20, 01, 
				04, 60, 00, E2, 01, 
				00, 00, 00, 00, 01, 
				04, 41, 08, 20, 01, 
				04, A2, 39, 22, 41, 
				04, 98, 00, E2, 01, 
				04, 11, 08, 20, 01, 
				04, A2, 39, 22, 01, 
				04, 90, 00, E2, 01, 
				04, 11, 08, 20, 01, 
				04, 41, 08, 22, 41, 
				04, A1, 08, 22, 41, 
				04, B0, 00, E2, 01, 
				04, B2, 3A, 20, 01, 
				04, A1, 08, 22, 01, 
				04, A8, 00, E2, 01, 
				04, 11, 08, 20, 01, 
				00, 00, 00, 00, 01, 
				04, F8, 00, E2, 01, 
				05, 22, 3E, 20, 01, 
				05, 1A, 3F, 22, 01, 
				05, 0A, 3E, 34, 01, 
				05, 02, 3F, 22, 01, 
				04, FA, 3B, 22, 01, 
				04, F2, 3C, 22, 01, 
				04, EA, 3D, 22, 01, 
				00, 00, 00, 00, 01, 
				05, 10, 00, E2, 01, 
				05, 28, 00, F2, 01, 
				05, 52, 3E, 20, 01, 
				05, 4A, 3F, 22, 01, 
				05, 3A, 3E, 34, 01, 
				05, 32, 3F, 22, 01, 
				05, 12, 3B, 22, 01, 
				05, 0A, 3C, 22, 01, 
				05, 02, 3D, 22, 01, 
				00, 00, 00, 00, 01, 
				05, 40, 00, E2, 01, 
				04, D0, 00, E2, 01, 
				05, 58, 00, F2, 01, 
				04, 11, 08, 20, 01, 
				00, 00, 00, 00, 01, 
				05, 70, 00, E2, 01, 
				05, 9A, 43, 20, 01, 
				05, 92, 44, 22, 01, 
				05, 82, 43, 34, 01, 
				05, 7A, 44, 22, 01, 
				05, 72, 40, 22, 01, 
				05, 6A, 41, 22, 01, 
				05, 62, 42, 22, 01, 
				00, 00, 00, 00, 01, 
				05, 88, 00, E2, 01, 
				05, A0, 00, F2, 01, 
				05, CA, 43, 20, 01, 
				05, C2, 44, 22, 01, 
				05, B2, 43, 34, 01, 
				05, AA, 44, 22, 01, 
				05, 8A, 40, 22, 01, 
				05, 82, 41, 22, 01, 
				05, 7A, 42, 22, 01, 
				00, 00, 00, 00, 01, 
				05, B8, 00, E2, 01, 
				04, C8, 00, E2, 01, 
				05, D0, 00, F2, 01, 
				04, 41, 08, 20, 01, 
				00, 00, 00, 00, 01, 
				05, E8, 00, E2, 01, 
				06, 12, 3E, 20, 01, 
				06, 0A, 3F, 22, 01, 
				05, FA, 3E, 34, 01, 
				05, F2, 3F, 22, 01, 
				05, EA, 3B, 22, 01, 
				05, E2, 3C, 22, 01, 
				05, DA, 3D, 22, 01, 
				00, 00, 00, 00, 01, 
				06, 00, 00, E2, 01, 
				06, 18, 00, F2, 01, 
				06, 42, 3E, 20, 01, 
				06, 3A, 3F, 22, 01, 
				06, 2A, 3E, 34, 01, 
				06, 22, 3F, 22, 01, 
				06, 02, 3B, 22, 01, 
				05, FA, 3C, 22, 01, 
				05, F2, 3D, 22, 01, 
				00, 00, 00, 00, 01, 
				06, 30, 00, E2, 01, 
				04, E0, 00, E2, 01, 
				06, 48, 00, F2, 01, 
				04, 41, 08, 20, 01, 
				00, 00, 00, 00, 01, 
				06, 60, 00, E2, 01, 
				06, 8A, 43, 20, 01, 
				06, 82, 44, 22, 01, 
				06, 72, 43, 34, 01, 
				06, 6A, 44, 22, 01, 
				06, 62, 40, 22, 01, 
				06, 5A, 41, 22, 01, 
				06, 52, 42, 22, 01, 
				00, 00, 00, 00, 01, 
				06, 78, 00, E2, 01, 
				06, 90, 00, F2, 01, 
				06, BA, 43, 20, 01, 
				06, B2, 44, 22, 01, 
				06, A2, 43, 34, 01, 
				06, 9A, 44, 22, 01, 
				06, 7A, 40, 22, 01, 
				06, 72, 41, 22, 01, 
				06, 6A, 42, 22, 01, 
				00, 00, 00, 00, 01, 
				06, A8, 00, E2, 01, 
				04, D8, 00, E2, 01, 
				06, C0, 00, F2, 01, 
				04, D1, 08, 20, 01, 
				04, E1, 08, 22, 41, 
				07, 48, 00, E2, 01, 
				07, 48, 00, C0, 01, 
				07, 4F, FF, 20, 01, 
				00, 00, 00, 00, 01, 
				07, 20, 00, E2, 01, 
				07, 28, 00, F2, 01, 
				06, D9, 08, 20, 01, 
				06, DA, 6A, 22, 41, 
				07, 2A, 6A, 22, 01, 
				06, C9, 08, 34, 01, 
				06, CA, 6A, 22, 41, 
				07, 22, 6A, 82, 01, 
				07, 22, 6A, 22, 01, 
				00, 00, 00, 00, 01, 
				06, D0, 00, E2, 01, 
				06, E0, 00, F2, 01, 
				07, 30, 00, F6, 01, 
				06, F9, 08, 20, 09, 
				07, 00, 00, E2, 01, 
				06, E9, 08, 20, 01, 
				FF, F2, 6B, 22, 67, 
				06, F0, 00, E2, 01, 
				07, 31, 08, 22, 49, 
				07, 31, 08, 20, 01, 
				06, F0, 00, E2, 27, 
				FF, F2, 6C, 20, 01, 
				07, 00, 00, E2, 27, 
				00, 00, 00, 00, 01, 
				07, 01, 08, 20, 09, 
				FF, F9, 08, 22, 41, 
				07, 00, 00, E2, 26, 
				06, F1, 1A, 20, 01, 
				00, 00, 00, 00, 01, 
				07, 38, 00, E2, 01, 
				07, 40, 00, F2, 01, 
				07, 38, 00, C0, 01, 
				00, 00, 00, 00, 01, 
				00, 02, 49, A1, 01, 
				FF, E1, 08, 20, 01, 
				00, 02, 48, A1, 01, 
				FF, E1, 08, 22, 41, 
				07, 08, 00, E2, 01, 
				07, 40, 00, C0, 01, 
				07, 0F, FF, 20, 01, 
				FF, E1, 08, 22, 01, 
				07, 18, 00, E2, 01, 
				07, 18, 00, C0, 01, 
				07, 4F, FF, 20, 01, 
				07, 50, 00, E2, 01, 
				04, E2, 46, 20, 01, 
				07, 5A, 46, 22, 41, 
				07, 70, 00, E2, 01, 
				04, D2, 46, 20, 01, 
				07, 5A, 46, 22, 01, 
				07, 68, 00, E2, 01, 
				07, 51, 08, 20, 01, 
				07, 59, 08, 22, 41, 
				07, 10, 00, E2, 01, 
				07, 12, 6D, 20, 01, 
				07, 59, 08, 22, 01, 
				07, 60, 00, E2, 01, 
				07, 72, 46, 20, 01, 
				07, 7A, 46, 22, 41, 
				07, 70, 00, E2, 01, 
				07, 6A, 46, 20, 01, 
				07, 7A, 46, 22, 01, 
				07, 68, 00, E2, 01, 
				07, 51, 08, 20, 01, 
				07, 79, 08, 22, 41, 
				07, 10, 00, E2, 01, 
				07, 12, 6E, 20, 01, 
				07, 79, 08, 22, 01, 
				07, 80, 00, E2, 01, 
				04, CA, 45, 20, 01, 
				07, 6A, 47, 22, 01, 
				04, B8, 00, E2, 01, 
				04, DA, 45, 20, 01, 
				07, 72, 47, 22, 01, 
				04, C0, 00, E2, 01, 
				FF, F2, 6F, 20, 01, 
				07, D0, 00, E2, 01, 
				04, 91, 08, 20, 01, 
				07, 98, 00, E2, 01, 
				04, 99, 08, 20, 01, 
				07, B0, 00, E2, 01, 
				04, B9, 08, 20, 01, 
				07, A0, 00, E2, 01, 
				04, C1, 08, 20, 01, 
				07, B8, 00, E2, 01, 
				04, 11, 08, 20, 01, 
				07, A8, 00, E2, 01, 
				04, 41, 08, 20, 01, 
				07, C0, 00, E2, 01, 
				FF, E9, 08, 20, 01, 
				08, 28, 00, E2, 01, 
				07, C9, 08, 20, 01, 
				07, D1, 08, 22, 49, 
				FF, F1, 08, 20, 26, 
				08, 28, 00, E2, 01, 
				07, E9, 08, 20, 01, 
				FF, F1, 13, 22, 49, 
				07, C9, 08, 20, 01, 
				08, 09, 08, 20, 25, 
				08, 10, 00, E2, 01, 
				07, F9, 08, 20, 01, 
				FF, F1, 13, 22, 49, 
				07, C9, 08, 20, 01, 
				08, 19, 08, 20, 25, 
				08, 20, 00, E2, 01, 
				08, 31, 08, 20, 01, 
				00, 00, 00, 00, 01, 
				08, 40, 00, F0, 01, 
				08, 41, 08, 20, 01, 
				FF, F1, 13, 22, 49, 
				08, 29, 08, 20, 01, 
				FF, E9, 08, 20, 25, 
				08, 28, 00, E2, 01, 
				07, C9, 08, 20, 01, 
				07, D0, 00, E2, 25, 
				07, D9, 08, 20, 01, 
				07, E9, 08, 22, 41, 
				08, 38, 00, E2, 01, 
				07, E9, 08, 20, 01, 
				08, 39, 14, 22, 01, 
				07, F0, 00, E2, 01, 
				08, 10, 00, C0, 01, 
				00, 07, FF, A0, 01, 
				07, F0, 00, C0, 01, 
				07, 9F, FF, 20, 81, 
				07, 88, 00, E2, 01, 
				07, B7, FF, 40, 81, 
				07, 90, 00, E4, 01, 
				FF, F1, 08, 20, 01, 
				FF, F7, FF, 22, 41, 
				08, 00, 00, E2, 01, 
				08, 20, 00, C0, 01, 
				00, 07, FF, A0, 01, 
				08, 00, 00, C0, 01, 
				07, 9F, FF, 20, 81, 
				07, 89, 08, 22, 01, 
				07, 88, 00, E2, 01, 
				07, B7, FF, 40, 81, 
				07, 91, 08, 44, 01, 
				07, 90, 00, E4, 01, 
				07, D9, 08, 20, 01, 
				08, 29, 08, 22, 41, 
				00, 00, 00, 00, 01, 
				07, E0, 00, F0, 01, 
				00, 00, 00, 00, 01, 
				FF, F2, 70, 20, 01, 
				08, 59, 08, 22, 41, 
				08, 78, 00, E2, 01, 
				08, 69, 08, 20, 01, 
				08, 59, 08, 34, 01, 
				08, 7A, 71, 22, 01, 
				08, 60, 00, E2, 01, 
				08, 60, 00, C0, 01, 
				08, 70, 00, F2, 01, 
				07, 8F, FF, 20, 01, 
				08, 48, 00, E2, 01, 
				07, 97, FF, 20, 01, 
				08, 50, 00, E2, 01, 
				08, B2, 72, 20, 01, 
				08, A1, 08, 22, 01, 
				08, A8, 00, E2, 01, 
				08, A9, 08, 20, 41, 
				08, 49, 08, 22, 01, 
				08, 80, 00, C0, 01, 
				08, B7, FF, 22, 41, 
				08, 90, 00, E2, 01, 
				08, 92, 72, 20, 01, 
				08, B1, 08, 22, 01, 
				08, B8, 00, E2, 01, 
				08, D2, 72, 20, 01, 
				08, C1, 08, 22, 01, 
				08, C8, 00, E2, 01, 
				08, C9, 08, 20, 41, 
				08, 51, 08, 22, 01, 
				08, 80, 00, C0, 01, 
				08, D7, FF, 22, 41, 
				08, 98, 00, E2, 01, 
				08, 9A, 72, 20, 01, 
				08, D1, 08, 22, 01, 
				08, D8, 00, E2, 01, 
				08, B9, 08, 22, 01, 
				08, F0, 00, E2, 01, 
				09, 02, 76, 20, 01, 
				08, FA, 77, 22, 01, 
				08, F2, 73, 22, 01, 
				08, EA, 74, 22, 01, 
				08, E2, 75, 22, 01, 
				09, 08, 00, E2, 01, 
				09, 08, 00, C0, 01, 
				09, 0F, FF, 20, 01, 
				00, 00, 00, 00, 01, 
				09, 38, 00, E2, 01, 
				09, 40, 00, F2, 01, 
				09, 21, 08, 20, 01, 
				09, 22, 78, 22, 41, 
				09, 42, 78, 22, 01, 
				09, 11, 08, 34, 01, 
				09, 12, 78, 22, 41, 
				09, 3A, 78, 22, 01, 
				00, 00, 00, 00, 01, 
				09, 18, 00, E2, 01, 
				09, 28, 00, F2, 01, 
				FF, F2, 7A, 40, 01, 
				09, 1A, 79, 24, 01, 
				FF, F1, 08, 22, 49, 
				09, 1A, 79, 24, 01, 
				FF, F1, 08, 20, 25, 
				08, 88, 00, E2, 01, 
				09, 92, 7B, 20, 01, 
				09, 81, 08, 22, 01, 
				09, 88, 00, E2, 01, 
				09, 89, 08, 20, 41, 
				08, 49, 08, 22, 01, 
				09, 60, 00, C0, 01, 
				09, 97, FF, 22, 41, 
				09, 70, 00, E2, 01, 
				09, 72, 7B, 20, 01, 
				09, 91, 08, 22, 01, 
				09, 98, 00, E2, 01, 
				09, B2, 7B, 20, 01, 
				09, A1, 08, 22, 01, 
				09, A8, 00, E2, 01, 
				09, A9, 08, 20, 41, 
				08, 51, 08, 22, 01, 
				09, 60, 00, C0, 01, 
				09, B7, FF, 22, 41, 
				09, 78, 00, E2, 01, 
				09, 7A, 7B, 20, 01, 
				09, B1, 08, 22, 01, 
				09, B8, 00, E2, 01, 
				09, 99, 08, 22, 01, 
				09, D0, 00, E2, 01, 
				09, E2, 7F, 20, 01, 
				09, DA, 80, 22, 01, 
				09, D2, 7C, 22, 01, 
				09, CA, 7D, 22, 01, 
				09, C2, 7E, 22, 01, 
				09, E8, 00, E2, 01, 
				09, E8, 00, C0, 01, 
				09, EF, FF, 20, 01, 
				00, 00, 00, 00, 01, 
				0A, 18, 00, E2, 01, 
				0A, 20, 00, F2, 01, 
				0A, 01, 08, 20, 01, 
				0A, 02, 81, 22, 41, 
				0A, 22, 81, 22, 01, 
				09, F1, 08, 34, 01, 
				09, F2, 81, 22, 41, 
				0A, 1A, 81, 22, 01, 
				00, 00, 00, 00, 01, 
				09, F8, 00, E2, 01, 
				0A, 08, 00, F2, 01, 
				FF, F2, 83, 40, 01, 
				09, FA, 82, 24, 01, 
				FF, F1, 08, 22, 49, 
				09, FA, 82, 24, 01, 
				FF, F1, 08, 20, 25, 
				09, 68, 00, E2, 01, 
				FF, F2, 84, 20, 01, 
				0A, 68, 00, E2, 01, 
				08, 91, 08, 20, 01, 
				0A, 40, 00, E2, 01, 
				08, 99, 08, 20, 01, 
				0A, 50, 00, E2, 01, 
				08, 49, 08, 20, 01, 
				0A, 48, 00, E2, 01, 
				08, 51, 08, 20, 01, 
				0A, 58, 00, E2, 01, 
				FF, E9, 08, 20, 01, 
				0A, C0, 00, E2, 01, 
				0A, 61, 08, 20, 01, 
				0A, 69, 08, 22, 49, 
				FF, F1, 08, 20, 26, 
				0A, C0, 00, E2, 01, 
				0A, 81, 08, 20, 01, 
				FF, F1, 13, 22, 49, 
				0A, 61, 08, 20, 01, 
				0A, A1, 08, 20, 25, 
				0A, A8, 00, E2, 01, 
				0A, 91, 08, 20, 01, 
				FF, F1, 13, 22, 49, 
				0A, 61, 08, 20, 01, 
				0A, B1, 08, 20, 25, 
				0A, B8, 00, E2, 01, 
				0A, C9, 08, 20, 01, 
				00, 00, 00, 00, 01, 
				0A, D8, 00, F0, 01, 
				0A, D9, 08, 20, 01, 
				FF, F1, 13, 22, 49, 
				0A, C1, 08, 20, 01, 
				FF, E9, 08, 20, 25, 
				0A, C0, 00, E2, 01, 
				0A, 61, 08, 20, 01, 
				0A, 68, 00, E2, 25, 
				0A, 71, 08, 20, 01, 
				0A, 81, 08, 22, 41, 
				0A, D0, 00, E2, 01, 
				0A, 81, 08, 20, 01, 
				0A, D1, 14, 22, 01, 
				0A, 88, 00, E2, 01, 
				0A, A8, 00, C0, 01, 
				00, 07, FF, A0, 01, 
				0A, 88, 00, C0, 01, 
				0A, 47, FF, 20, 81, 
				0B, 90, 00, E2, 01, 
				0A, 57, FF, 40, 81, 
				0B, A8, 00, E4, 01, 
				FF, F1, 08, 20, 01, 
				FF, F7, FF, 22, 41, 
				0A, 98, 00, E2, 01, 
				0A, B8, 00, C0, 01, 
				00, 07, FF, A0, 01, 
				0A, 98, 00, C0, 01, 
				0A, 47, FF, 20, 81, 
				0B, 91, 08, 22, 01, 
				0B, 90, 00, E2, 01, 
				0A, 57, FF, 40, 81, 
				0B, A9, 08, 44, 01, 
				0B, A8, 00, E4, 01, 
				0A, 71, 08, 20, 01, 
				0A, C1, 08, 22, 41, 
				00, 00, 00, 00, 01, 
				0A, 78, 00, F0, 01, 
				00, 00, 00, 00, 01, 
				FF, F2, 85, 20, 01, 
				0B, 08, 00, E2, 01, 
				09, 71, 08, 20, 01, 
				0A, E0, 00, E2, 01, 
				09, 79, 08, 20, 01, 
				0A, F0, 00, E2, 01, 
				08, 49, 08, 20, 01, 
				0A, E8, 00, E2, 01, 
				08, 51, 08, 20, 01, 
				0A, F8, 00, E2, 01, 
				FF, E9, 08, 20, 01, 
				0B, 60, 00, E2, 01, 
				0B, 01, 08, 20, 01, 
				0B, 09, 08, 22, 49, 
				FF, F1, 08, 20, 26, 
				0B, 60, 00, E2, 01, 
				0B, 21, 08, 20, 01, 
				FF, F1, 13, 22, 49, 
				0B, 01, 08, 20, 01, 
				0B, 41, 08, 20, 25, 
				0B, 48, 00, E2, 01, 
				0B, 31, 08, 20, 01, 
				FF, F1, 13, 22, 49, 
				0B, 01, 08, 20, 01, 
				0B, 51, 08, 20, 25, 
				0B, 58, 00, E2, 01, 
				0B, 69, 08, 20, 01, 
				00, 00, 00, 00, 01, 
				0B, 78, 00, F0, 01, 
				0B, 79, 08, 20, 01, 
				FF, F1, 13, 22, 49, 
				0B, 61, 08, 20, 01, 
				FF, E9, 08, 20, 25, 
				0B, 60, 00, E2, 01, 
				0B, 01, 08, 20, 01, 
				0B, 08, 00, E2, 25, 
				0B, 11, 08, 20, 01, 
				0B, 21, 08, 22, 41, 
				0B, 70, 00, E2, 01, 
				0B, 21, 08, 20, 01, 
				0B, 71, 14, 22, 01, 
				0B, 28, 00, E2, 01, 
				0B, 48, 00, C0, 01, 
				00, 07, FF, A0, 01, 
				0B, 28, 00, C0, 01, 
				0A, E7, FF, 20, 81, 
				0C, 20, 00, E2, 01, 
				0A, F7, FF, 40, 81, 
				0C, 38, 00, E4, 01, 
				FF, F1, 08, 20, 01, 
				FF, F7, FF, 22, 41, 
				0B, 38, 00, E2, 01, 
				0B, 58, 00, C0, 01, 
				00, 07, FF, A0, 01, 
				0B, 38, 00, C0, 01, 
				0A, E7, FF, 20, 81, 
				0C, 21, 08, 22, 01, 
				0C, 20, 00, E2, 01, 
				0A, F7, FF, 40, 81, 
				0C, 39, 08, 44, 01, 
				0C, 38, 00, E4, 01, 
				0B, 11, 08, 20, 01, 
				0B, 61, 08, 22, 41, 
				00, 00, 00, 00, 01, 
				0B, 18, 00, F0, 01, 
				00, 00, 00, 00, 01, 
				0B, D2, 89, 20, 01, 
				0B, CA, 8A, 22, 01, 
				0B, BA, 89, 34, 01, 
				0B, B2, 8A, 22, 01, 
				0B, 92, 86, 22, 01, 
				0B, 8A, 87, 22, 01, 
				0B, 82, 88, 22, 01, 
				00, 00, 00, 00, 01, 
				0B, C0, 00, E2, 01, 
				0B, D8, 00, F2, 01, 
				0C, 02, 89, 20, 01, 
				0B, FA, 8A, 22, 01, 
				0B, EA, 89, 34, 01, 
				0B, E2, 8A, 22, 01, 
				0B, AA, 86, 22, 01, 
				0B, A2, 87, 22, 01, 
				0B, 9A, 88, 22, 01, 
				00, 00, 00, 00, 01, 
				0B, F0, 00, E2, 01, 
				0C, 08, 00, F2, 01, 
				0C, 62, 8E, 20, 01, 
				0C, 5A, 8F, 22, 01, 
				0C, 4A, 8E, 34, 01, 
				0C, 42, 8F, 22, 01, 
				0C, 22, 8B, 22, 01, 
				0C, 1A, 8C, 22, 01, 
				0C, 12, 8D, 22, 01, 
				00, 00, 00, 00, 01, 
				0C, 50, 00, E2, 01, 
				0C, 68, 00, F2, 01, 
				0C, 92, 8E, 20, 01, 
				0C, 8A, 8F, 22, 01, 
				0C, 7A, 8E, 34, 01, 
				0C, 72, 8F, 22, 01, 
				0C, 3A, 8B, 22, 01, 
				0C, 32, 8C, 22, 01, 
				0C, 2A, 8D, 22, 01, 
				00, 00, 00, 00, 01, 
				0C, 80, 00, E2, 01, 
				0C, 98, 00, F2, 01, 
				0C, C2, 93, 20, 01, 
				0C, BA, 94, 22, 01, 
				0C, AA, 93, 34, 01, 
				0C, A2, 94, 22, 01, 
				0B, C2, 90, 22, 01, 
				0B, BA, 91, 22, 01, 
				0B, B2, 92, 22, 01, 
				00, 00, 00, 00, 01, 
				0C, B0, 00, E2, 01, 
				0C, C8, 00, F2, 01, 
				0C, F2, 93, 20, 01, 
				0C, EA, 94, 22, 01, 
				0C, DA, 93, 34, 01, 
				0C, D2, 94, 22, 01, 
				0B, F2, 90, 22, 01, 
				0B, EA, 91, 22, 01, 
				0B, E2, 92, 22, 01, 
				00, 00, 00, 00, 01, 
				0C, E0, 00, E2, 01, 
				0C, F8, 00, F2, 01, 
				0D, 22, 98, 20, 01, 
				0D, 1A, 99, 22, 01, 
				0D, 0A, 98, 34, 01, 
				0D, 02, 99, 22, 01, 
				0C, 52, 95, 22, 01, 
				0C, 4A, 96, 22, 01, 
				0C, 42, 97, 22, 01, 
				00, 00, 00, 00, 01, 
				0D, 10, 00, E2, 01, 
				0D, 28, 00, F2, 01, 
				0D, 52, 98, 20, 01, 
				0D, 4A, 99, 22, 01, 
				0D, 3A, 98, 34, 01, 
				0D, 32, 99, 22, 01, 
				0C, 82, 95, 22, 01, 
				0C, 7A, 96, 22, 01, 
				0C, 72, 97, 22, 01, 
				00, 00, 00, 00, 01, 
				0D, 40, 00, E2, 01, 
				0D, 58, 00, F2, 01, 
				00, 02, 9A, A0, 01, 
				0D, 69, 08, 20, 01, 
				0D, 60, 00, E2, 01, 
				0C, E1, 08, 20, 01, 
				0D, 68, 00, E2, 81, 
				00, 02, 9B, A0, 01, 
				19, 99, 08, 20, 01, 
				19, 90, 00, E2, 01, 
				0C, B1, 08, 20, 01, 
				19, 98, 00, E2, 81, 
				00, 02, 9C, A0, 01, 
				25, C9, 08, 20, 01, 
				25, C0, 00, E2, 01, 
				0D, 11, 08, 20, 01, 
				25, C8, 00, E2, 81, 
				00, 02, 9D, A0, 01, 
				31, F9, 08, 20, 01, 
				31, F0, 00, E2, 01, 
				0D, 41, 08, 20, 01, 
				31, F8, 00, E2, 81, 
				FF, F2, 9E, 20, 01, 
				3E, 29, 08, 22, 41, 
				3E, 48, 00, E2, 01, 
				3E, 39, 08, 20, 01, 
				3E, 29, 08, 34, 01, 
				3E, 4A, 9F, 22, 01, 
				3E, 30, 00, E2, 01, 
				3E, 30, 00, C0, 01, 
				3E, 40, 00, F2, 01, 
				19, 97, FF, 20, 01, 
				3E, 20, 00, E2, 01, 
				FF, F2, A0, 20, 01, 
				3E, 59, 08, 22, 41, 
				3E, 78, 00, E2, 01, 
				3E, 69, 08, 20, 01, 
				3E, 59, 08, 34, 01, 
				3E, 7A, A1, 22, 01, 
				3E, 60, 00, E2, 01, 
				3E, 60, 00, C0, 01, 
				3E, 70, 00, F2, 01, 
				25, C7, FF, 20, 01, 
				3E, 50, 00, E2, 01, 
				FF, F2, A2, 20, 01, 
				3E, 89, 08, 22, 41, 
				3E, A8, 00, E2, 01, 
				3E, 99, 08, 20, 01, 
				3E, 89, 08, 34, 01, 
				3E, AA, A3, 22, 01, 
				3E, 90, 00, E2, 01, 
				3E, 90, 00, C0, 01, 
				3E, A0, 00, F2, 01, 
				31, F7, FF, 20, 01, 
				3E, 80, 00, E2, 01, 
				FF, F2, A4, 20, 01, 
				3E, B9, 08, 22, 41, 
				3E, D8, 00, E2, 01, 
				3E, C9, 08, 20, 01, 
				3E, B9, 08, 34, 01, 
				3E, DA, A5, 22, 01, 
				3E, C0, 00, E2, 01, 
				3E, C0, 00, C0, 01, 
				3E, D0, 00, F2, 01, 
				0D, 67, FF, 20, 01, 
				3E, B0, 00, E2, 01, 
				04, 62, A6, 20, 01, 
				3E, 22, A7, 22, 01, 
				00, 00, 00, 00, 01, 
				3E, E0, 00, E2, 01, 
				04, 62, A8, 20, 01, 
				3E, B2, A9, 22, 01, 
				00, 00, 00, 00, 01, 
				3E, E8, 00, E2, 01, 
				3E, E2, AA, 20, 01, 
				3E, 22, AB, 22, 01, 
				3E, F0, 00, E2, 01, 
				3E, EA, AA, 20, 01, 
				3E, B2, AB, 22, 01, 
				3E, F8, 00, E2, 01, 
				FF, F2, AC, 20, 01, 
				3F, 21, 08, 22, 41, 
				3F, 40, 00, E2, 01, 
				3F, 31, 08, 20, 01, 
				3F, 21, 08, 34, 01, 
				3F, 42, AD, 22, 01, 
				3F, 28, 00, E2, 01, 
				3F, 28, 00, C0, 01, 
				3F, 38, 00, F2, 01, 
				00, 00, 00, 00, 01, 
				3E, F7, FF, 20, 01, 
				3F, 00, 00, E2, 01, 
				3E, FF, FF, 20, 01, 
				3F, 08, 00, E2, 01, 
				3E, 57, FF, 20, 01, 
				3F, 10, 00, E2, 01, 
				3E, 87, FF, 20, 01, 
				3F, 18, 00, E2, 01, 
				00, 00, 00, 00, 01, 
				3F, 11, 08, 20, 01, 
				FF, 70, 00, 02, 01, 
				3F, 19, 08, 20, 01, 
				FF, 68, 00, 02, 01, 
				3F, 01, 08, 20, 01, 
				FF, 28, 00, 02, 01, 
				3F, 01, 08, 20, 01, 
				FF, 78, 00, 02, 01, 
				3F, 09, 08, 20, 01, 
				FF, 30, 00, 02, 01, 
				3F, 09, 08, 20, 01, 
				FF, 80, 00, 02, 01, 
				00, 00, 00, 00, 01, 
				00, 00, 00, 00, 01, 
				00, 00, 00, 00, 01, 
				00, 00, 00, 00, 01, 
				00, 00, 00, 00, 01, 
				00, 00, 00, 00, 01, 
				00, 00, 00, 00, 01, 
				00, 00, 00, 00, 01, 
				00, 00, 00, 00, 01, 
				00, 00, 00, 00, 01, 
				00, 00, 00, 00, 01, 
				00, 00, 00, 00, 01, 
				00, 00, 00, 00, 01, 
				00, 00, 00, 00, 01, 
				00, 00, 00, 00, 01, 
				00, 00, 00, 00, 01, 
				00, 00, 00, 00, 01, 
				00, 00, 00, 00, 01, 
				00, 00, 00, 00, 01, 
				00, 00, 00, 00, 01, 
				00, 00, 00, 00, 01, 
				00, 00, 00, 00, 01, 
				00, 00, 00, 00, 01, 
				00, 00, 00, 00, 01, 
				00, 00, 00, 00, 01, 
				00, 00, 00, 00, 01, 
				00, 00, 00, 00, 01, 
				00, 00, 00, 00, 01, 
				00, 00, 00, 00, 01, 
				00, 00, 00, 00, 01, 
				00, 00, 00, 00, 01, 
				00, 00, 00, 00, 01, 
				00, 00, 00, 00, 01, 
				00, 00, 00, 00, 01, 
				00, 00, 00, 00, 01, 
				00, 00, 00, 00, 01, 
				00, 00, 00, 00, 01, 
				00, 00, 00, 00, 01, 
				00, 00, 00, 00, 01, 
				00, 00, 00, 00, 01, 
				00, 00, 00, 00, 01, 
				00, 00, 00, 00, 01, 
				00, 00, 00, 00, 01, 
				00, 00, 00, 00, 01, 
				00, 00, 00, 00, 01, 
				00, 00, 00, 00, 01, 
				00, 00, 00, 00, 01, 
				00, 00, 00, 00, 01, 
				00, 00, 00, 00, 01, 
				00, 00, 00, 00, 01, 
				00, 00, 00, 00, 01, 
				00, 00, 00, 00, 01, 
				00, 00, 00, 00, 01, 
				00, 00, 00, 00, 01, 
				00, 00, 00, 00, 01, 
				00, 00, 00, 00, 01, 
				00, 00, 00, 00, 01, 
				00, 00, 00, 00, 01, 
				00, 00, 00, 00, 01, 
				00, 00, 00, 00, 01, 
				00, 00, 00, 00, 01, 
				00, 00, 00, 00, 01, 
				00, 00, 00, 00, 01, 
				00, 00, 00, 00, 01, 
				00, 00, 00, 00, 01, 
				00, 00, 00, 00, 01, 
				00, 00, 00, 00, 01, 
				00, 00, 00, 00, 01, 
				00, 00, 00, 00, 01, 
				00, 00, 00, 00, 01, 
				00, 00, 00, 00, 01, 
				00, 00, 00, 00, 01, 
				00, 00, 00, 00, 01, 
				00, 00, 00, 00, 01, 
				00, 00, 00, 00, 01, 
				00, 00, 00, 00, 01, 
				00, 00, 00, 00, 01, 
				00, 00, 00, 00, 01, 
				00, 00, 00, 00, 01, 
				00, 00, 00, 00, 01, 
				00, 00, 00, 00, 01, 
				00, 00, 00, 00, 01, 
				00, 00, 00, 00, 01, 
				00, 00, 00, 00, 01, 
				00, 00, 00, 00, 01, 
				00, 00, 00, 00, 01, 
				00, 00, 00, 00, 01, 
				00, 00, 00, 00, 01, 
				00, 00, 00, 00, 01