00, 80, 00, 00, 
				00, 00, 00, 00, 
				00, 00, 00, 00, 
				00, 00, 00, 00, 
				00, 00, 00, 00, 
				00, 80, 00, 00, 
				00, 00, 00, 00, 
				00, 00, 00, 00, 
				00, 00, 00, 00, 
				00, 00, 00, 00, 
				00, 80, 00, 00, 
				00, 00, 00, 00, 
				00, 00, 00, 00, 
				00, 00, 00, 00, 
				00, 00, 00, 00, 
				00, 80, 00, 00, 
				00, 00, 00, 00, 
				00, 00, 00, 00, 
				00, 00, 00, 00, 
				00, 00, 00, 00, 
				00, 80, 00, 00, 
				00, 00, 00, 00, 
				00, 00, 00, 00, 
				00, 00, 00, 00, 
				00, 00, 00, 00, 
				00, 80, 00, 00, 
				00, 00, 00, 00, 
				00, 00, 00, 00, 
				00, 00, 00, 00, 
				00, 00, 00, 00, 
				00, 80, 00, 00, 
				00, 00, 00, 00, 
				00, 00, 00, 00, 
				00, 00, 00, 00, 
				00, 00, 00, 00, 
				00, 80, 00, 00, 
				00, 00, 00, 00, 
				00, 00, 00, 00, 
				00, 00, 00, 00, 
				00, 00, 00, 00, 
				00, 80, 00, 00, 
				00, 00, 00, 00, 
				00, 00, 00, 00, 
				00, 00, 00, 00, 
				00, 00, 00, 00, 
				00, 80, 00, 00, 
				00, 00, 00, 00, 
				00, 00, 00, 00, 
				00, 00, 00, 00, 
				00, 00, 00, 00, 
				00, 80, 00, 00, 
				00, 00, 00, 00, 
				00, 00, 00, 00, 
				00, 00, 00, 00, 
				00, 00, 00, 00, 
				00, 80, 00, 00, 
				00, 00, 20, 00, 
				00, FF, 64, C1, 
				00, 1D, 4B, AD, 
				00, 02, C4, 78, 
				00, 05, 88, EF, 
				00, 02, C4, 78, 
				00, C5, 84, FE, 
				FF, AF, 69, 23, 
				00, 65, 86, F7, 
				FF, 34, F2, 12, 
				00, 65, 86, F7, 
				00, C5, 84, FE, 
				FF, AF, 69, 23, 
				01, 80, 00, 00, 
				01, 09, D8, 9E, 
				00, 14, 8B, 10, 
				00, 80, 00, 00, 
				00, 80, 00, 00, 
				00, 80, 00, 00, 
				00, 80, 00, 00, 
				00, 80, 00, 00, 
				00, 80, 00, 00, 
				00, 80, 00, 00, 
				00, 80, 00, 00, 
				00, 80, 00, 00, 
				00, 80, 00, 00, 
				00, 80, 00, 00, 
				00, 80, 00, 00, 
				00, 80, 00, 00, 
				00, 80, 00, 00, 
				00, 80, 00, 00, 
				00, 80, 00, 00, 
				00, 80, 00, 00, 
				00, 80, 00, 00, 
				00, 80, 00, 00, 
				00, 80, 00, 00, 
				00, 80, 00, 00, 
				00, 80, 00, 00, 
				00, 80, 00, 00, 
				00, 80, 00, 00, 
				00, 80, 00, 00, 
				00, 80, 00, 00, 
				00, 80, 00, 00, 
				00, 80, 00, 00, 
				00, 75, 69, 4C, 
				00, 5A, 9D, F8, 
				00, 45, EF, FF, 
				00, 35, FA, 27, 
				00, 29, A8, BB, 
				00, 20, 26, F3, 
				00, 06, 4A, 36, 
				00, 00, 01, 6C, 
				00, 00, 5D, C0, 
				00, 0F, 99, 25, 
				00, 02, 78, 8C, 
				00, 00, 00, 02, 
				00, 00, 00, 54, 
				00, 00, 08, 00, 
				00, 01, AC, EE, 
				00, 00, 05, 83, 
				00, 00, 0B, 06, 
				00, 00, 05, 83, 
				00, FB, 42, C1, 
				0F, 84, A7, 32, 
				00, 00, 06, C8, 
				00, 4C, 3E, A8, 
				00, 10, 1D, 3F, 
				00, 01, AC, EE, 
				00, 00, 05, 83, 
				00, 00, 0B, 06, 
				00, 00, 05, 83, 
				00, FB, 42, C1, 
				0F, 84, A7, 32, 
				00, 00, 06, C8, 
				00, 4C, 3E, A8, 
				00, 10, 1D, 3F, 
				00, 00, 00, 01, 
				00, 00, 00, 01, 
				00, 80, 00, 00, 
				00, 00, 00, 00, 
				00, 00, 00, 00, 
				00, 00, 00, 00, 
				00, 00, 00, 00, 
				00, 80, 00, 00, 
				00, 00, 00, 00, 
				00, 00, 00, 00, 
				00, 00, 00, 00, 
				00, 00, 00, 00, 
				00, 80, 00, 00, 
				00, 00, 00, 00, 
				00, 00, 00, 00, 
				00, 00, 00, 00, 
				00, 00, 00, 00, 
				00, 80, 00, 00, 
				00, 00, 00, 00, 
				00, 00, 00, 00, 
				00, 00, 00, 00, 
				00, 00, 00, 00, 
				00, 00, 00, 01, 
				00, 00, 00, 01, 
				00, 00, 00, 01, 
				00, 00, 00, 01, 
				00, 80, 00, 00, 
				00, 00, 08, 00, 
				00, 80, 00, 00, 
				00, 00, 08, 00, 
				00, 80, 00, 00, 
				00, 00, 08, 00, 
				00, 80, 00, 00, 
				00, 00, 08, 00, 
				00, 80, 00, 00, 
				00, 80, 00, 00, 
				00, 80, 00, 00, 
				00, 80, 00, 00,
				00, 80, 00, 00, 
				00, 00, 00, 00, 
				00, 80, 00, 00, 
				00, 00, 20, 00, 
				00, 00, 00, 00, 
				00, 00, 00, 00, 
				00, 00, 00, 00, 
				00, 00, 00, 00, 
				00, 00, 00, 00, 
				00, 00, 00, 00, 
				00, 00, 00, 00, 
				00, 00, 00, 00, 
				00, 00, 00, 00, 
				00, 00, 00, 00, 
				00, 00, 00, 00, 
				00, 00, 00, 00, 
				00, 00, 00, 00, 
				00, 00, 00, 00, 
				00, 00, 00, 00, 
				00, 00, 00, 00, 
				00, 00, 00, 00, 
				00, 00, 00, 00, 
				00, 00, 00, 00, 
				00, 00, 00, 00, 
				00, 00, 00, 00, 
				00, 00, 00, 00, 
				00, 00, 00, 00, 
				00, 00, 00, 00, 
				00, 00, 00, 00, 
				00, 00, 00, 00, 
				00, 00, 00, 00, 
				00, 00, 00, 00, 
				00, 00, 00, 00, 
				00, 00, 00, 00, 
				00, 00, 00, 00, 
				00, 00, 00, 00, 
				00, 00, 00, 00, 
				00, 00, 00, 00, 
				00, 00, 00, 00, 
				00, 00, 00, 00, 
				00, 00, 00, 00, 
				00, 00, 00, 00, 
				00, 00, 00, 00, 
				00, 00, 00, 00, 
				00, 00, 00, 00, 
				00, 00, 00, 00, 
				00, 00, 00, 00, 
				00, 00, 00, 00, 
				00, 00, 00, 00, 
				00, 00, 00, 00, 
				00, 00, 00, 00, 
				00, 00, 00, 00, 
				00, 00, 00, 00, 
				00, 00, 00, 00, 
				00, 00, 00, 00, 
				00, 00, 00, 00, 
				00, 00, 00, 00, 
				00, 00, 00, 00, 
				00, 00, 00, 00, 
				00, 00, 00, 00, 
				00, 00, 00, 00, 
				00, 00, 00, 00, 
				00, 00, 00, 00, 
				00, 00, 00, 00, 
				00, 00, 00, 00, 
				00, 00, 00, 00, 
				00, 00, 00, 00, 
				00, 00, 00, 00, 
				00, 00, 00, 00, 
				00, 00, 00, 00, 
				00, 00, 00, 00, 
				00, 00, 00, 00, 
				00, 00, 00, 00, 
				00, 00, 00, 00, 
				00, 00, 00, 00, 
				00, 00, 00, 00, 
				00, 00, 00, 00, 
				00, 00, 00, 00, 
				00, 00, 00, 00, 
				00, 00, 00, 00, 
				00, 00, 00, 00, 
				00, 00, 00, 00, 
				00, 00, 00, 00, 
				00, 00, 00, 00, 
				00, 00, 00, 00, 
				00, 00, 00, 00, 
				00, 00, 00, 00, 
				00, 00, 00, 00, 
				00, 00, 00, 00, 
				00, 00, 00, 00, 
				00, 00, 00, 00, 
				00, 00, 00, 00, 
				00, 00, 00, 00, 
				00, 00, 00, 00, 
				00, 00, 00, 00, 
				00, 00, 00, 00, 
				00, 00, 00, 00, 
				00, 00, 00, 00, 
				00, 00, 00, 00, 
				00, 00, 00, 00, 
				00, 00, 00, 00, 
				00, 00, 00, 00, 
				00, 00, 00, 00, 
				00, 00, 00, 00, 
				00, 00, 00, 00, 
				00, 00, 00, 00, 
				00, 00, 00, 00, 
				00, 00, 00, 00, 
				00, 00, 00, 00, 
				00, 00, 00, 00, 
				00, 00, 00, 00, 
				00, 00, 00, 00, 
				00, 00, 00, 00, 
				00, 00, 00, 00, 
				00, 00, 00, 00, 
				00, 00, 00, 00, 
				00, 00, 00, 00, 
				00, 00, 00, 00, 
				00, 00, 00, 00, 
				00, 00, 00, 00, 
				00, 00, 00, 00, 
				00, 00, 00, 00, 
				00, 00, 00, 00, 
				00, 00, 00, 00, 
				00, 00, 00, 00, 
				00, 00, 00, 00, 
				00, 00, 00, 00, 
				00, 00, 00, 00, 
				00, 00, 00, 00, 
				00, 00, 00, 00, 
				00, 00, 00, 00, 
				00, 00, 00, 00, 
				00, 00, 00, 00, 
				00, 00, 00, 00, 
				00, 00, 00, 00, 
				00, 00, 00, 00, 
				00, 00, 00, 00, 
				00, 00, 00, 00, 
				00, 00, 00, 00, 
				00, 00, 00, 00, 
				00, 00, 00, 00, 
				00, 00, 00, 00, 
				00, 00, 00, 00, 
				00, 00, 00, 00, 
				00, 00, 00, 00, 
				00, 00, 00, 00, 
				00, 00, 00, 00, 
				00, 00, 00, 00, 
				00, 00, 00, 00, 
				00, 00, 00, 00, 
				00, 00, 00, 00, 
				00, 00, 00, 00, 
				00, 00, 00, 00, 
				00, 00, 00, 00, 
				00, 00, 00, 00, 
				00, 00, 00, 00, 
				00, 00, 00, 00, 
				00, 00, 00, 00, 
				00, 00, 00, 00, 
				00, 00, 00, 00, 
				00, 00, 00, 00, 
				00, 00, 00, 00, 
				00, 00, 00, 00, 
				00, 00, 00, 00, 
				00, 00, 00, 00, 
				00, 00, 00, 00, 
				00, 00, 00, 00, 
				00, 00, 00, 00, 
				00, 00, 00, 00, 
				00, 00, 00, 00, 
				00, 00, 00, 00, 
				00, 00, 00, 00, 
				00, 00, 00, 00, 
				00, 00, 00, 00, 
				00, 00, 00, 00, 
				00, 00, 00, 00, 
				00, 00, 00, 00, 
				00, 00, 00, 00, 
				00, 00, 00, 00, 
				00, 00, 00, 00, 
				00, 00, 00, 00, 
				00, 00, 00, 00, 
				00, 00, 00, 00, 
				00, 00, 00, 00, 
				00, 00, 00, 00, 
				00, 00, 00, 00, 
				00, 00, 00, 00, 
				00, 00, 00, 00, 
				00, 00, 00, 00, 
				00, 00, 00, 00, 
				00, 00, 00, 00, 
				00, 00, 00, 00, 
				00, 00, 00, 00, 
				00, 00, 00, 00, 
				00, 00, 00, 00, 
				00, 00, 00, 00, 
				00, 00, 00, 00, 
				00, 00, 00, 00, 
				00, 00, 00, 00, 
				00, 00, 00, 00, 
				00, 00, 00, 00, 
				00, 00, 00, 00, 
				00, 00, 00, 00, 
				00, 00, 00, 00, 
				00, 00, 00, 00, 
				00, 00, 00, 00, 
				00, 00, 00, 00, 
				00, 00, 00, 00, 
				00, 00, 00, 00, 
				00, 00, 00, 00, 
				00, 00, 00, 00, 
				00, 00, 00, 00, 
				00, 00, 00, 00, 
				00, 00, 00, 00, 
				00, 00, 00, 00, 
				00, 00, 00, 00, 
				00, 00, 00, 00, 
				00, 00, 00, 00, 
				00, 00, 00, 00, 
				00, 00, 00, 00, 
				00, 00, 00, 00, 
				00, 00, 00, 00, 
				00, 00, 00, 00, 
				00, 00, 00, 00, 
				00, 00, 00, 00, 
				00, 00, 00, 00, 
				00, 00, 00, 00, 
				00, 00, 00, 00, 
				00, 00, 00, 00, 
				00, 00, 00, 00, 
				00, 00, 00, 00, 
				00, 00, 00, 00, 
				00, 00, 00, 00, 
				00, 00, 00, 00, 
				00, 00, 00, 00, 
				00, 00, 00, 00, 
				00, 00, 00, 00, 
				00, 00, 00, 00, 
				00, 00, 00, 00, 
				00, 00, 00, 00, 
				00, 00, 00, 00, 
				00, 00, 00, 00, 
				00, 00, 00, 00, 
				00, 00, 00, 00, 
				00, 00, 00, 00, 
				00, 00, 00, 00, 
				00, 00, 00, 00, 
				00, 00, 00, 00, 
				00, 00, 00, 00, 
				00, 00, 00, 00, 
				00, 00, 00, 00, 
				00, 00, 00, 00, 
				00, 00, 00, 00, 
				00, 00, 00, 00, 
				00, 00, 00, 00, 
				00, 00, 00, 00, 
				00, 00, 00, 00, 
				00, 00, 00, 00, 
				00, 00, 00, 00, 
				00, 00, 00, 00, 
				00, 00, 00, 00, 
				00, 00, 00, 00, 
				00, 00, 00, 00, 
				00, 00, 00, 00, 
				00, 00, 00, 00, 
				00, 00, 00, 00, 
				00, 00, 00, 00, 
				00, 00, 00, 00, 
				00, 00, 00, 00, 
				00, 00, 00, 00, 
				00, 00, 00, 00, 
				00, 00, 00, 00, 
				00, 00, 00, 00, 
				00, 00, 00, 00, 
				00, 00, 00, 00, 
				00, 00, 00, 00, 
				00, 00, 00, 00, 
				00, 00, 00, 00, 
				00, 00, 00, 00, 
				00, 00, 00, 00, 
				00, 00, 00, 00, 
				00, 00, 00, 00, 
				00, 00, 00, 00, 
				00, 00, 00, 00, 
				00, 00, 00, 00, 
				00, 00, 00, 00, 
				00, 00, 00, 00, 
				00, 00, 00, 00, 
				00, 00, 00, 00, 
				00, 00, 00, 00, 
				00, 00, 00, 00, 
				00, 00, 00, 00, 
				00, 00, 00, 00, 
				00, 00, 00, 00, 
				00, 00, 00, 00, 
				00, 00, 00, 00, 
				00, 00, 00, 00, 
				00, 00, 00, 00, 
				00, 00, 00, 00, 
				00, 00, 00, 00, 
				00, 00, 00, 00, 
				00, 00, 00, 00, 
				00, 00, 00, 00, 
				00, 00, 00, 00, 
				00, 00, 00, 00, 
				00, 00, 00, 00, 
				00, 00, 00, 00, 
				00, 00, 00, 00, 
				00, 00, 00, 00, 
				00, 00, 00, 00, 
				00, 00, 00, 00, 
				00, 00, 00, 00, 
				00, 00, 00, 00, 
				00, 00, 00, 00, 
				00, 00, 00, 00, 
				00, 00, 00, 00, 
				00, 00, 00, 00, 
				00, 00, 00, 00, 
				00, 00, 00, 00, 
				00, 00, 00, 00, 
				00, 00, 00, 00, 
				00, 00, 00, 00, 
				00, 00, 00, 00, 
				00, 00, 00, 00, 
				00, 00, 00, 00, 
				00, 00, 00, 00, 
				00, 00, 00, 00, 
				00, 00, 00, 00, 
				00, 00, 00, 00, 
				00, 00, 00, 00, 
				00, 00, 00, 00, 
				00, 00, 00, 00, 
				00, 00, 00, 00, 
				00, 00, 00, 00, 
				00, 00, 00, 00, 
				00, 00, 00, 00, 
				00, 00, 00, 00, 
				00, 00, 00, 00, 
				00, 00, 00, 00, 
				00, 00, 00, 00, 
				00, 00, 00, 00, 
				00, 00, 00, 00, 
				00, 00, 00, 00, 
				00, 00, 00, 00, 
				00, 00, 00, 00, 
				00, 00, 00, 00, 
				00, 00, 00, 00, 
				00, 00, 00, 00, 
				00, 00, 00, 00, 
				00, 00, 00, 00, 
				00, 00, 00, 00, 
				00, 00, 00, 00, 
				00, 00, 00, 00, 
				00, 00, 00, 00, 
				00, 00, 00, 00, 
				00, 00, 00, 00, 
				00, 00, 00, 00, 
				00, 00, 00, 00, 
				00, 00, 00, 00, 
				00, 00, 00, 00, 
				00, 00, 00, 00, 
				00, 00, 00, 00, 
				00, 00, 00, 00, 
				00, 00, 00, 00, 
				00, 00, 00, 00, 
				00, 00, 00, 00, 
				00, 00, 00, 00, 
				00, 00, 00, 00, 
				00, 00, 00, 00, 
				00, 00, 00, 00, 
				00, 00, 00, 00, 
				00, 00, 00, 00, 
				00, 00, 00, 00, 
				00, 00, 00, 00, 
				00, 00, 00, 00, 
				00, 00, 00, 00, 
				00, 00, 00, 00, 
				00, 00, 00, 00, 
				00, 00, 00, 00, 
				00, 00, 00, 00, 
				00, 00, 00, 00, 
				00, 00, 00, 00, 
				00, 00, 00, 00, 
				00, 00, 00, 00, 
				00, 00, 00, 00, 
				00, 00, 00, 00, 
				00, 00, 00, 00, 
				00, 00, 00, 00, 
				00, 00, 00, 00, 
				00, 00, 00, 00, 
				00, 00, 00, 00, 
				00, 00, 00, 00, 
				00, 00, 00, 00, 
				00, 00, 00, 00, 
				00, 00, 00, 00, 
				00, 00, 00, 00, 
				00, 00, 00, 00, 
				00, 00, 00, 00, 
				00, 00, 00, 00, 
				00, 00, 00, 00, 
				00, 00, 00, 00, 
				00, 00, 00, 00, 
				00, 00, 00, 00, 
				00, 00, 00, 00, 
				00, 00, 00, 00, 
				00, 00, 00, 00, 
				00, 00, 00, 00, 
				00, 00, 00, 00, 
				00, 00, 00, 00, 
				00, 00, 00, 00, 
				00, 00, 00, 00, 
				00, 00, 00, 00, 
				00, 00, 00, 00, 
				00, 00, 00, 00, 
				00, 00, 00, 00, 
				00, 00, 00, 00, 
				00, 00, 00, 00, 
				00, 00, 00, 00, 
				00, 00, 00, 00, 
				00, 00, 00, 00, 
				00, 00, 00, 00, 
				00, 00, 00, 00, 
				00, 00, 00, 00, 
				00, 00, 00, 00, 
				00, 00, 00, 00, 
				00, 00, 00, 00, 
				00, 00, 00, 00, 
				00, 00, 00, 00, 
				00, 00, 00, 00, 
				00, 00, 00, 00, 
				00, 00, 00, 00, 
				00, 00, 00, 00, 
				00, 00, 00, 00, 
				00, 00, 00, 00, 
				00, 00, 00, 00, 
				00, 00, 00, 00, 
				00, 00, 00, 00, 
				00, 00, 00, 00, 
				00, 00, 00, 00, 
				00, 00, 00, 00, 
				00, 00, 00, 00, 
				00, 00, 00, 00, 
				00, 00, 00, 00, 
				00, 00, 00, 00, 
				00, 00, 00, 00, 
				00, 00, 00, 00, 
				00, 00, 00, 00, 
				00, 00, 00, 00, 
				00, 00, 00, 00, 
				00, 00, 00, 00, 
				00, 00, 00, 00, 
				00, 00, 00, 00, 
				00, 00, 00, 00, 
				00, 00, 00, 00, 
				00, 00, 00, 00, 
				00, 00, 00, 00, 
				00, 00, 00, 00, 
				00, 00, 00, 00, 
				00, 00, 00, 00, 
				00, 00, 00, 00, 
				00, 00, 00, 00, 
				00, 00, 00, 00, 
				00, 00, 00, 00, 
				00, 00, 00, 00, 
				00, 00, 00, 00, 
				00, 00, 00, 00, 
				00, 00, 00, 00, 
				00, 00, 00, 00, 
				00, 00, 00, 00, 
				00, 00, 00, 00, 
				00, 00, 00, 00, 
				00, 00, 00, 00, 
				00, 00, 00, 00, 
				00, 00, 00, 00, 
				00, 00, 00, 00, 
				00, 00, 00, 00, 
				00, 00, 00, 00, 
				00, 00, 00, 00, 
				00, 00, 00, 00, 
				00, 00, 00, 00, 
				00, 00, 00, 00, 
				00, 00, 00, 00, 
				00, 00, 00, 00, 
				00, 00, 00, 00, 
				00, 00, 00, 00, 
				00, 00, 00, 00, 
				00, 00, 00, 00, 
				00, 00, 00, 00, 
				00, 00, 00, 00, 
				00, 00, 00, 00, 
				00, 00, 00, 00, 
				00, 00, 00, 00, 
				00, 00, 00, 00, 
				00, 00, 00, 00, 
				00, 00, 00, 00, 
				00, 00, 00, 00, 
				00, 00, 00, 00, 
				00, 00, 00, 00, 
				00, 00, 00, 00, 
				00, 00, 00, 00, 
				00, 00, 00, 00, 
				00, 00, 00, 00, 
				00, 00, 00, 00, 
				00, 00, 00, 00, 
				00, 00, 00, 00, 
				00, 00, 00, 00, 
				00, 00, 00, 00, 
				00, 00, 00, 00, 
				00, 00, 00, 00, 
				00, 00, 00, 00, 
				00, 00, 00, 00, 
				00, 00, 00, 00, 
				00, 00, 00, 00, 
				00, 00, 00, 00, 
				00, 00, 00, 00, 
				00, 00, 00, 00, 
				00, 00, 00, 00, 
				00, 00, 00, 00, 
				00, 00, 00, 00, 
				00, 00, 00, 00, 
				00, 00, 00, 00, 
				00, 00, 00, 00, 
				00, 00, 00, 00, 
				00, 00, 00, 00, 
				00, 00, 00, 00, 
				00, 00, 00, 00, 
				00, 00, 00, 00, 
				00, 00, 00, 00, 
				00, 00, 00, 00, 
				00, 00, 00, 00, 
				00, 00, 00, 00, 
				00, 00, 00, 00, 
				00, 00, 00, 00, 
				00, 00, 00, 00, 
				00, 00, 00, 00, 
				00, 00, 00, 00, 
				00, 00, 00, 00, 
				00, 00, 00, 00, 
				00, 00, 00, 00, 
				00, 00, 00, 00, 
				00, 00, 00, 00, 
				00, 00, 00, 00, 
				00, 00, 00, 00, 
				00, 00, 00, 00, 
				00, 00, 00, 00, 
				00, 00, 00, 00, 
				00, 00, 00, 00, 
				00, 00, 00, 00, 
				00, 00, 00, 00, 
				00, 00, 00, 00, 
				00, 00, 00, 00, 
				00, 00, 00, 00, 
				00, 00, 00, 00, 
				00, 00, 00, 00, 
				00, 00, 00, 00, 
				00, 00, 00, 00, 
				00, 00, 00, 00, 
				00, 00, 00, 00, 
				00, 00, 00, 00, 
				00, 00, 00, 00, 
				00, 00, 00, 00, 
				00, 00, 00, 00, 
				00, 00, 00, 00, 
				00, 00, 00, 00, 
				00, 00, 00, 00, 
				00, 00, 00, 00, 
				00, 00, 00, 00, 
				00, 00, 00, 00, 
				00, 00, 00, 00, 
				00, 00, 00, 00, 
				00, 00, 00, 00, 
				00, 00, 00, 00, 
				00, 00, 00, 00, 
				00, 00, 00, 00, 
				00, 00, 00, 00, 
				00, 00, 00, 00, 
				00, 00, 00, 00, 
				00, 00, 00, 00, 
				00, 00, 00, 00, 
				00, 00, 00, 00, 
				00, 00, 00, 00, 
				00, 00, 00, 00, 
				00, 00, 00, 00, 
				00, 00, 00, 00, 
				00, 00, 00, 00, 
				00, 00, 00, 00, 
				00, 00, 00, 00, 
				00, 00, 00, 00, 
				00, 00, 00, 00, 
				00, 00, 00, 00, 
				00, 00, 00, 00, 
				00, 00, 00, 00, 
				00, 00, 00, 00, 
				00, 00, 00, 00, 
				00, 00, 00, 00, 
				00, 00, 00, 00, 
				00, 00, 00, 00, 
				00, 00, 00, 00, 
				00, 00, 00, 00, 
				00, 00, 00, 00, 
				00, 00, 00, 00, 
				00, 00, 00, 00, 
				00, 00, 00, 00, 
				00, 00, 00, 00, 
				00, 00, 00, 00, 
				00, 00, 00, 00, 
				00, 00, 00, 00, 
				00, 00, 00, 00, 
				00, 00, 00, 00, 
				00, 00, 00, 00, 
				00, 00, 00, 00, 
				00, 00, 00, 00, 
				00, 00, 00, 00, 
				00, 00, 00, 00, 
				00, 00, 00, 00, 
				00, 00, 00, 00, 
				00, 00, 00, 00, 
				00, 00, 00, 00, 
				00, 00, 00, 00, 
				00, 00, 00, 00, 
				00, 00, 00, 00, 
				00, 00, 00, 00, 
				00, 00, 00, 00, 
				00, 00, 00, 00, 
				00, 00, 00, 00, 
				00, 00, 00, 00, 
				00, 00, 00, 00, 
				00, 00, 00, 00, 
				00, 00, 00, 00, 
				00, 00, 00, 00, 
				00, 00, 00, 00, 
				00, 00, 00, 00, 
				00, 00, 00, 00, 
				00, 00, 00, 00, 
				00, 00, 00, 00, 
				00, 00, 00, 00, 
				00, 00, 00, 00, 
				00, 00, 00, 00, 
				00, 00, 00, 00, 
				00, 00, 00, 00, 
				00, 00, 00, 00, 
				00, 00, 00, 00, 
				00, 00, 00, 00, 
				00, 00, 00, 00, 
				00, 00, 00, 00, 
				00, 00, 00, 00, 
				00, 00, 00, 00, 
				00, 00, 00, 00, 
				00, 00, 00, 00, 
				00, 00, 00, 00, 
				00, 00, 00, 00, 
				00, 00, 00, 00, 
				00, 00, 00, 00, 
				00, 00, 00, 00, 
				00, 00, 00, 00, 
				00, 00, 00, 00, 
				00, 00, 00, 00, 
				00, 00, 00, 00, 
				00, 00, 00, 00, 
				00, 00, 00, 00, 
				00, 00, 00, 00, 
				00, 00, 00, 00, 
				00, 00, 00, 00, 
				00, 00, 00, 00, 
				00, 00, 00, 00, 
				00, 00, 00, 00, 
				00, 00, 00, 00, 
				00, 00, 00, 00, 
				00, 00, 00, 00, 
				00, 00, 00, 00, 
				00, 00, 00, 00, 
				00, 00, 00, 00, 
				00, 00, 00, 00, 
				00, 00, 00, 00, 
				00, 00, 00, 00, 
				00, 00, 00, 00, 
				00, 00, 00, 00, 
				00, 00, 00, 00, 
				00, 00, 00, 00, 
				00, 00, 00, 00, 
				00, 00, 00, 00, 
				00, 00, 00, 00, 
				00, 00, 00, 00, 
				00, 00, 00, 00, 
				00, 00, 00, 00, 
				00, 00, 00, 00, 
				00, 00, 00, 00, 
				00, 00, 00, 00, 
				00, 00, 00, 00, 
				00, 00, 00, 00, 
				00, 00, 00, 00, 
				00, 00, 00, 00, 
				00, 00, 00, 00, 
				00, 00, 00, 00, 
				00, 00, 00, 00, 
				00, 00, 00, 00, 
				00, 00, 00, 00, 
				00, 00, 00, 00, 
				00, 00, 00, 00, 
				00, 00, 00, 00, 
				00, 00, 00, 00, 
				00, 00, 00, 00, 
				00, 00, 00, 00, 
				00, 00, 00, 00, 
				00, 00, 00, 00, 
				00, 00, 00, 00, 
				00, 00, 00, 00, 
				00, 00, 00, 00, 
				00, 00, 00, 00, 
				00, 00, 00, 00, 
				00, 00, 00, 00, 
				00, 00, 00, 00, 
				00, 00, 00, 00, 
				00, 00, 00, 00, 
				00, 00, 00, 00, 
				00, 00, 00, 00, 
				00, 00, 00, 00, 
				00, 00, 00, 00, 
				00, 00, 00, 00, 
				00, 00, 00, 00, 
				00, 00, 00, 00, 
				00, 00, 00, 00, 
				00, 00, 00, 00, 
				00, 00, 00, 00, 
				00, 00, 00, 00, 
				00, 00, 00, 00, 
				00, 00, 00, 00, 
				00, 00, 00, 00, 
				00, 00, 00, 00, 
				00, 00, 00, 00, 
				00, 00, 00, 00, 
				00, 00, 00, 00, 
				00, 00, 00, 00, 
				00, 00, 00, 00, 
				00, 00, 00, 00, 
				00, 00, 00, 00, 
				00, 00, 00, 00, 
				00, 00, 00, 00, 
				00, 00, 00, 00, 
				00, 00, 00, 00, 
				00, 00, 00, 00, 
				00, 00, 00, 00, 
				00, 00, 00, 00, 
				00, 00, 00, 00, 
				00, 00, 00, 00, 
				00, 00, 00, 00, 
				00, 00, 00, 00, 
				00, 00, 00, 00, 
				00, 00, 00, 00, 
				00, 00, 00, 00, 
				00, 00, 00, 00, 
				00, 00, 00, 00, 
				00, 00, 00, 00, 
				00, 00, 00, 00, 
				00, 00, 00, 00, 
				00, 00, 00, 00, 
				00, 00, 00, 00, 
				00, 00, 00, 00, 
				00, 00, 00, 00, 
				00, 00, 00, 00, 
				00, 00, 00, 00, 
				00, 00, 00, 00, 
				00, 00, 00, 00, 
				00, 00, 00, 00, 
				00, 00, 00, 00, 
				00, 00, 00, 00, 
				00, 00, 00, 00, 
				00, 00, 00, 00, 
				00, 00, 00, 00, 
				00, 00, 00, 00, 
				00, 00, 00, 00, 
				00, 00, 00, 00, 
				00, 00, 00, 00, 
				00, 00, 00, 00, 
				00, 00, 00, 00, 
				00, 00, 00, 00, 
				00, 00, 00, 00, 
				00, 00, 00, 00, 
				00, 00, 00, 00, 
				00, 00, 00, 00, 
				00, 00, 00, 00, 
				00, 00, 00, 00, 
				00, 00, 00, 00, 
				00, 00, 00, 00, 
				00, 00, 00, 00, 
				00, 00, 00, 00, 
				00, 00, 00, 00, 
				00, 00, 00, 00, 
				00, 00, 00, 00, 
				00, 00, 00, 00, 
				00, 00, 00, 00, 
				00, 00, 00, 00, 
				00, 00, 00, 00, 
				00, 00, 00, 00, 
				00, 00, 00, 00, 
				00, 00, 00, 00, 
				00, 00, 00, 00, 
				00, 00, 00, 00, 
				00, 00, 00, 00, 
				00, 00, 00, 00, 
				00, 00, 00, 00, 
				00, 00, 00, 00, 
				00, 00, 00, 00, 
				00, 00, 00, 00, 
				00, 00, 00, 00, 
				00, 00, 00, 00, 
				00, 00, 00, 00, 
				00, 00, 00, 00, 
				00, 00, 00, 00, 
				00, 00, 00, 00, 
				00, 00, 00, 00, 
				00, 00, 00, 00, 
				00, 00, 00, 00, 
				00, 00, 00, 00, 
				00, 00, 00, 00, 
				00, 00, 00, 00, 
				00, 00, 00, 00, 
				00, 00, 00, 00, 
				00, 00, 00, 00, 
				00, 00, 00, 00, 
				00, 00, 00, 00, 
				00, 00, 00, 00, 
				00, 00, 00, 00, 
				00, 00, 00, 00, 
				00, 00, 00, 00, 
				00, 00, 00, 00, 
				00, 00, 00, 00, 
				00, 00, 00, 00, 
				00, 00, 00, 00, 
				00, 00, 00, 00, 
				00, 00, 00, 00, 
				00, 00, 00, 00, 
				00, 00, 00, 00, 
				00, 00, 00, 00, 
				00, 00, 00, 00, 
				00, 00, 00, 00, 
				00, 00, 00, 00, 
				00, 00, 00, 00, 
				00, 00, 00, 00, 
				00, 00, 00, 00, 
				00, 00, 00, 00, 
				00, 00, 00, 00, 
				00, 00, 00, 00, 
				00, 00, 00, 00, 
				00, 00, 00, 00, 
				00, 00, 00, 00, 
				00, 00, 00, 00, 
				00, 00, 00, 00, 
				00, 00, 00, 00, 
				00, 00, 00, 00, 
				00, 00, 00, 00, 
				00, 00, 00, 00, 
				00, 00, 00, 00, 
				00, 00, 00, 00