			A5, 5A,
			00,
			07,
			00,
			02, 1e, 02,
			02, 04, 00,
			16,

			A5, 5A,
			01,
			11,
			FF,
			00, 00,
			00, 00,
			01, 00,
			07, 00,
			01, 00,
			00, 00,
			00, 00,
			00, 01,
			16,

			A5, 5A,
			03,
			25,
			FF,
			00, 00,
			00, 00,
			00, 00,
			00, 00,
			00, 00,
			00, 00,
			34, 00,
			34, 00,
			34, 00,
			34, 00,
			15, 00,
			00, 00,
			15, 00,
			00, 00,
			00, 00,
			00, 00,
			00, 00,
			00, 00,
			16,

			A5, 5A,
			04,
			15,
			FF,
			00, 00,
			00, 00,
			00, 10,
			00, 10,
			07, 00,
			00, 00,
			00, 00,
			00, 00,
			00, 00,
			01, 00,
			16,

			A5, 5A,
			05,
			1D,
			FF,
			00, 00,
			00, 00,
			03, 00,
			29, 00,
			00, 00,
			00, 00,
			20, 00,
			02, 00,
			02, 00,
			40, 00,
			00, 00,
			0F, 00,
			01, 00,
			03, 00,
			16,

			A5, 5A,
			06,
			29,
			FF,
			00, 00,
			00, 00,
			00, 00,
			00, 00,
			01, 00,
			01, 00,
			00, 00,
			00, 00,
			34, 00,
			34, 00,
			34, 00,
			34, 00,
			2E, 00,
			2E, 00,
			15, 00,
			00, 00,
			15, 00,
			00, 00,
			00, 00,
			00, 00,
			16,

			A5, 5A,
			07,
			15,
			FF,
			03, 00,
			00, 00,
			00, 10,
			00, 10,
			07, 00,
			00, 00,
			00, 00,
			00, 00,
			00, 00,
			01, 00,
			16,

			A5, 5A,
			08,
			1D,
			FF,
			00, 00,
			00, 00,
			03, 00,
			29, 00,
			00, 00,
			00, 00,
			20, 00,
			02, 00,
			02, 00,
			40, 00,
			00, 00,
			0F, 00,
			01, 00,
			03, 00,
			16,

			A5, 5A,
			09,
			1D,
			FF,
			03, 00,
			07, 00,
			00, 00,
			00, 10,
			00, 10,
			00, 00,
			00, 00,
			00, 00,
			00, 00,
			00, 00,
			00, 00,
			00, 00,
			00, 00,
			00, 00,
			16,

			A5, 5A,
			0A,
			1D,
			FF,
			01, 00,
			07, 00,
			00, 00,
			00, 10,
			00, 10,
			00, 00,
			00, 00,
			00, 00,
			00, 00,
			00, 00,
			00, 00,
			00, 00,
			00, 00,
			00, 00,
			16,

			A5, 5A,
			0B,
			17,
			FF,
			00, 00,
			00, 00,
			07, 00,
			00, 00,
			00, 00,
			00, 00,
			00, 00,
			00, 00,
			02, 00,
			00, 00,
			00, 00,
			16,

			A5, 5A,
			0C,
			17,
			FF,
			00, 00,
			00, 00,
			07, 00,
			00, 00,
			00, 00,
			00, 00,
			00, 00,
			00, 00,
			02, 00,
			00, 00,
			00, 00,
			16,

			A5, 5A,
			0D,
			0B,
			FF,
			00, 00,
			07, 00,
			00, 00,
			00, 00,
			00, 00,
			16,

			A5, 5A,
			0E,
			0D,
			FF,
			00, 00,
			00, 00,
			00, 00,
			00, 00,
			00, 00,
			00, 00,
			16,

			A5, 5A,
			0F,
			05,
			FF,
			00, 00,
			00, 00,
			16,

			A5, 5A,
			FC,
			16,
			44,
			65,
			66,
			61,
			75,
			6C,
			74,
			20,
			56,
			65,
			72,
			73,
			69,
			6F,
			6E,
			20,
			76,
			30,
			2E,
			30,
			2E,
			31,
			16,

			A5, 5A,
			80,
			2A,
			00,
			14,
			05, 00, 
			0F, 00, 
			04, 00, 
			0D, 00, 
			0C, 00, 
			1C, 00, 
			10, 00, 
			0F, 00, 
			04, 00, 
			0D, 00, 
			02, 00, 
			04, 00, 
			19, 00, 
			02, 00, 
			04, 00, 
			14, 00, 
			04, 00, 
			04, 00, 
			04, 00, 
			04, 00, 
			16,

			A5, 5A,
			80,
			1C,
			01,
			31, 3A, 4E, 6F, 69, 73, 65, 20, 
			53, 75, 70, 70, 72, 65, 73, 
			73, 6F, 72, 20, 45, 78, 70, 
			61, 6E, 64, 65, 72, 
			16,

			A5, 5A,
			80,
			09,
			02,
			32, 3A, 47, 61, 69, 6E, 5F, 53, 

			16,

			A5, 5A,
			80,
			07,
			03,
			32, 3A, 4C, 6F, 75, 64, 
			16,

			A5, 5A,
			80,
			0B,
			04,
			32, 3A, 4D, 56, 42, 61, 73, 73, 
			5F, 53, 
			16,

			A5, 5A,
			80,
			07,
			05,
			32, 3A, 4D, 56, 33, 44, 
			16,

			A5, 5A,
			80,
			11,
			06,
			32, 3A, 53, 74, 65, 72, 65, 6F, 
			20, 57, 69, 64, 65, 6E, 65, 
			72, 
			16,

			A5, 5A,
			80,
			0C,
			07,
			32, 3A, 56, 6F, 63, 61, 6C, 20, 
			43, 75, 74, 
			16,

			A5, 5A,
			80,
			09,
			08,
			33, 3A, 47, 61, 69, 6E, 5F, 4D, 

			16,

			A5, 5A,
			80,
			08,
			09,
			33, 3A, 45, 51, 5F, 4D, 31, 
			16,

			A5, 5A,
			80,
			0B,
			0A,
			33, 3A, 4D, 56, 42, 61, 73, 73, 
			5F, 4D, 
			16,

			A5, 5A,
			80,
			08,
			0B,
			33, 3A, 44, 52, 43, 5F, 4D, 
			16,

			A5, 5A,
			80,
			08,
			0C,
			33, 3A, 45, 51, 5F, 4D, 32, 
			16,

			A5, 5A,
			80,
			13,
			0D,
			32, 3A, 48, 61, 72, 6D, 6F, 6E, 
			69, 63, 20, 45, 78, 63, 69, 
			74, 65, 72, 
			16,

			A5, 5A,
			80,
			08,
			0E,
			32, 3A, 44, 52, 43, 5F, 53, 
			16,

			A5, 5A,
			80,
			08,
			0F,
			32, 3A, 4C, 50, 5F, 48, 50, 
			16,

			A5, 5A,
			80,
			08,
			10,
			32, 3A, 50, 68, 61, 73, 65, 
			16,

			A5, 5A,
			80,
			06,
			11,
			32, 3A, 45, 51, 31, 
			16,

			A5, 5A,
			80,
			06,
			12,
			32, 3A, 45, 51, 32, 
			16,

			A5, 5A,
			80,
			06,
			13,
			32, 3A, 45, 51, 33, 
			16,

			A5, 5A,
			80,
			06,
			14,
			32, 3A, 45, 51, 34, 
			16,

			A5, 5A,
			81,
			0B,
			FF,
			01, 00,
			6C, EE,
			03, 00,
			05, 00,
			F4, 01,
			16,

			A5, 5A,
			82,
			07,
			FF,
			01, 00,
			00, 00,
			01, 00,
			16,

			A5, 5A,
			83,
			6B,
			FF,
			00, 00,
			00, 00,
			01, 00,
			01, 00,
			01, 00,
			FA, 00,
			D4, 02,
			00, 07,
			01, 00,
			02, 00,
			B8, 0B,
			D4, 02,
			00, 05,
			00, 00,
			00, 00,
			C8, 00,
			D4, 02,
			00, 00,
			00, 00,
			00, 00,
			C8, 00,
			D4, 02,
			00, 00,
			00, 00,
			00, 00,
			C8, 00,
			D4, 02,
			00, 00,
			00, 00,
			00, 00,
			C8, 00,
			D4, 02,
			00, 00,
			00, 00,
			00, 00,
			C8, 00,
			D4, 02,
			00, 00,
			00, 00,
			00, 00,
			C8, 00,
			D4, 02,
			00, 00,
			00, 00,
			00, 00,
			C8, 00,
			D4, 02,
			00, 00,
			00, 00,
			00, 00,
			C8, 00,
			D4, 02,
			00, 00,
			16,

			A5, 5A,
			84,
			09,
			FF,
			00, 00,
			64, 00,
			23, 00,
			01, 00,
			16,

			A5, 5A,
			85,
			05,
			FF,
			00, 00,
			32, 00,
			16,

			A5, 5A,
			86,
			05,
			FF,
			00, 00,
			01, 00,
			16,

			A5, 5A,
			87,
			05,
			FF,
			00, 00,
			64, 00,
			16,

			A5, 5A,
			88,
			07,
			FF,
			01, 00,
			00, 00,
			00, 10,
			16,

			A5, 5A,
			89,
			6B,
			FF,
			01, 00,
			00, 00,
			00, 00,
			01, 00,
			03, 00,
			C8, 00,
			D4, 02,
			00, 00,
			00, 00,
			00, 00,
			C8, 00,
			D4, 02,
			00, 00,
			00, 00,
			00, 00,
			C8, 00,
			D4, 02,
			00, 00,
			00, 00,
			00, 00,
			C8, 00,
			D4, 02,
			00, 00,
			00, 00,
			00, 00,
			C8, 00,
			D4, 02,
			00, 00,
			00, 00,
			00, 00,
			C8, 00,
			D4, 02,
			00, 00,
			00, 00,
			00, 00,
			C8, 00,
			D4, 02,
			00, 00,
			00, 00,
			00, 00,
			C8, 00,
			D4, 02,
			00, 00,
			00, 00,
			00, 00,
			C8, 00,
			D4, 02,
			00, 00,
			00, 00,
			00, 00,
			C8, 00,
			D4, 02,
			00, 00,
			16,

			A5, 5A,
			8A,
			09,
			FF,
			00, 00,
			64, 00,
			23, 00,
			01, 00,
			16,

			A5, 5A,
			8B,
			37,
			FF,
			00, 00,
			00, 00,
			03, 00,
			D4, 02,
			D4, 02,
			2C, 01,
			B8, 0B,
			00, 00,
			00, 00,
			00, 00,
			00, 00,
			64, 00,
			64, 00,
			64, 00,
			64, 00,
			01, 00,
			01, 00,
			01, 00,
			01, 00,
			E8, 03,
			E8, 03,
			E8, 03,
			E8, 03,
			00, 10,
			00, 10,
			00, 10,
			00, 10,
			16,

			A5, 5A,
			8C,
			6B,
			FF,
			00, 00,
			00, 00,
			00, 00,
			00, 00,
			00, 00,
			C8, 00,
			D4, 02,
			00, 00,
			00, 00,
			00, 00,
			C8, 00,
			D4, 02,
			00, 00,
			00, 00,
			00, 00,
			C8, 00,
			D4, 02,
			00, 00,
			00, 00,
			00, 00,
			C8, 00,
			D4, 02,
			00, 00,
			00, 00,
			00, 00,
			C8, 00,
			D4, 02,
			00, 00,
			00, 00,
			00, 00,
			C8, 00,
			D4, 02,
			00, 00,
			00, 00,
			00, 00,
			C8, 00,
			D4, 02,
			00, 00,
			00, 00,
			00, 00,
			C8, 00,
			D4, 02,
			00, 00,
			00, 00,
			00, 00,
			C8, 00,
			D4, 02,
			00, 00,
			00, 00,
			00, 00,
			C8, 00,
			D4, 02,
			00, 00,
			16,

			A5, 5A,
			8D,
			09,
			FF,
			00, 00,
			E8, 03,
			50, 00,
			50, 00,
			16,

			A5, 5A,
			8E,
			37,
			FF,
			00, 00,
			00, 00,
			03, 00,
			D4, 02,
			D4, 02,
			2C, 01,
			B8, 0B,
			00, 00,
			00, 00,
			00, 00,
			00, 00,
			64, 00,
			64, 00,
			64, 00,
			64, 00,
			01, 00,
			01, 00,
			01, 00,
			01, 00,
			E8, 03,
			E8, 03,
			E8, 03,
			E8, 03,
			00, 10,
			00, 10,
			00, 10,
			00, 10,
			16,

			A5, 5A,
			8F,
			6B,
			FF,
			01, 00,
			00, 00,
			00, 00,
			01, 00,
			03, 00,
			88, 13,
			D4, 02,
			00, 00,
			01, 00,
			04, 00,
			C8, 00,
			D4, 02,
			00, 00,
			00, 00,
			00, 00,
			C8, 00,
			D4, 02,
			00, 00,
			00, 00,
			00, 00,
			C8, 00,
			D4, 02,
			00, 00,
			00, 00,
			00, 00,
			C8, 00,
			D4, 02,
			00, 00,
			00, 00,
			00, 00,
			C8, 00,
			D4, 02,
			00, 00,
			00, 00,
			00, 00,
			C8, 00,
			D4, 02,
			00, 00,
			00, 00,
			00, 00,
			C8, 00,
			D4, 02,
			00, 00,
			00, 00,
			00, 00,
			C8, 00,
			D4, 02,
			00, 00,
			00, 00,
			00, 00,
			C8, 00,
			D4, 02,
			00, 00,
			16,

			A5, 5A,
			90,
			05,
			FF,
			00, 00,
			01, 00,
			16,

			A5, 5A,
			91,
			6B,
			FF,
			01, 00,
			00, 00,
			01, 00,
			01, 00,
			00, 00,
			C8, 00,
			D4, 02,
			00, 00,
			01, 00,
			00, 00,
			C8, 00,
			D4, 02,
			00, 00,
			01, 00,
			00, 00,
			C8, 00,
			D4, 02,
			00, 00,
			01, 00,
			00, 00,
			C8, 00,
			D4, 02,
			00, 00,
			01, 00,
			00, 00,
			C8, 00,
			D4, 02,
			00, 00,
			01, 00,
			00, 00,
			C8, 00,
			D4, 02,
			00, 00,
			01, 00,
			00, 00,
			C8, 00,
			D4, 02,
			00, 00,
			01, 00,
			00, 00,
			C8, 00,
			D4, 02,
			00, 00,
			01, 00,
			00, 00,
			C8, 00,
			D4, 02,
			00, 00,
			01, 00,
			00, 00,
			C8, 00,
			D4, 02,
			00, 00,
			16,

			A5, 5A,
			92,
			6B,
			FF,
			01, 00,
			00, 00,
			01, 00,
			01, 00,
			00, 00,
			C8, 00,
			D4, 02,
			00, 00,
			01, 00,
			00, 00,
			C8, 00,
			D4, 02,
			00, 00,
			01, 00,
			00, 00,
			C8, 00,
			D4, 02,
			00, 00,
			01, 00,
			00, 00,
			C8, 00,
			D4, 02,
			00, 00,
			01, 00,
			00, 00,
			C8, 00,
			D4, 02,
			00, 00,
			01, 00,
			00, 00,
			C8, 00,
			D4, 02,
			00, 00,
			01, 00,
			00, 00,
			C8, 00,
			D4, 02,
			00, 00,
			01, 00,
			00, 00,
			C8, 00,
			D4, 02,
			00, 00,
			01, 00,
			00, 00,
			C8, 00,
			D4, 02,
			00, 00,
			01, 00,
			00, 00,
			C8, 00,
			D4, 02,
			00, 00,
			16,

			A5, 5A,
			93,
			6B,
			FF,
			01, 00,
			00, 00,
			01, 00,
			01, 00,
			00, 00,
			C8, 00,
			D4, 02,
			00, 00,
			01, 00,
			00, 00,
			C8, 00,
			D4, 02,
			00, 00,
			01, 00,
			00, 00,
			C8, 00,
			D4, 02,
			00, 00,
			01, 00,
			00, 00,
			C8, 00,
			D4, 02,
			00, 00,
			01, 00,
			00, 00,
			C8, 00,
			D4, 02,
			00, 00,
			01, 00,
			00, 00,
			C8, 00,
			D4, 02,
			00, 00,
			01, 00,
			00, 00,
			C8, 00,
			D4, 02,
			00, 00,
			01, 00,
			00, 00,
			C8, 00,
			D4, 02,
			00, 00,
			01, 00,
			00, 00,
			C8, 00,
			D4, 02,
			00, 00,
			01, 00,
			00, 00,
			C8, 00,
			D4, 02,
			00, 00,
			16,

			A5, 5A,
			94,
			6B,
			FF,
			01, 00,
			00, 00,
			01, 00,
			01, 00,
			00, 00,
			C8, 00,
			D4, 02,
			00, 00,
			01, 00,
			00, 00,
			C8, 00,
			D4, 02,
			00, 00,
			01, 00,
			00, 00,
			C8, 00,
			D4, 02,
			00, 00,
			01, 00,
			00, 00,
			C8, 00,
			D4, 02,
			00, 00,
			01, 00,
			00, 00,
			C8, 00,
			D4, 02,
			00, 00,
			01, 00,
			00, 00,
			C8, 00,
			D4, 02,
			00, 00,
			00, 00,
			00, 00,
			C8, 00,
			D4, 02,
			00, 00,
			00, 00,
			00, 00,
			C8, 00,
			D4, 02,
			00, 00,
			00, 00,
			00, 00,
			C8, 00,
			D4, 02,
			00, 00,
			00, 00,
			00, 00,
			C8, 00,
			D4, 02,
			00, 00,
			16,

